  1     9300420    8.000000       168.0000       6973.000       19.75000      0.2083300       0.7457340E-01     228.0000       1649.000       831.0000       1811.000       1186.000       1.000000    
  2    11486710    14.00000       73.00000       20058.00       27.21430      0.8904100       0.6964800E-01     1877.000       1478.000       5463.000       2980.000       4889.000       1.000000    
  3    11487370    3.000000       106.0000       3444.000       26.00000      0.4434000       0.6242740E-01     1050.000       197.0000       945.0000       552.0000       468.0000       1.000000    
  4    10204400    8.000000       169.0000       12462.00       24.00000      0.4556200       0.7398490E-01     2739.000       283.0000       1974.000       4215.000       1271.000       1.000000    
  5    10080880    8.000000       834.0000       15312.00       33.50000      0.9712000E-01   0.6667970E-01     1633.000       475.0000       5619.000       2263.000       5040.000       1.000000    
  6    11482450    11.00000       52.00000       2545.000       22.09090      0.8076900       0.5618860E-01     1874.000       351.0000       2483.000       162.0000       3854.000       1.000000    
  7    11484450    9.000000       188.0000       7796.000       21.88890      0.1914900       0.6503340E-01     718.0000       327.0000       1121.000       537.0000       2729.000       1.000000    
  8    11486390    13.00000       339.0000       16678.00       36.23080      0.3539800       0.7045210E-01     167.0000       1669.000       1063.000       9630.000       3557.000       1.000000    
  9     7175530    18.00000       259.0000       22190.00       21.50000      0.3243200       0.6876970E-01     3412.000       1305.000       1500.000       3765.000       1912.000       1.000000    
 10     8290690    12.00000       253.0000       15720.00       34.83330      0.3004000       0.6246820E-01     983.0000       2112.000       2207.000       933.0000       3400.000       1.000000    
 11    10295370    10.00000       362.0000       11093.00       17.00000      0.1712700       0.6905260E-01     2022.000       374.0000       716.0000       2177.000       1621.000       1.000000    
 12    10204020    13.00000       554.0000       18555.00       28.23080      0.1552300       0.7491240E-01     3688.000       3245.000       1283.000       3969.000       1929.000       1.000000    
 13    10293870    5.000000       76.00000       8213.000       28.20000      0.7763200       0.6428830E-01     738.0000       547.0000       435.0000       968.0000       2547.000       1.000000    
 14    11481430    25.00000       282.0000       17923.00       19.20000      0.2375900       0.7292310E-01     3246.000       922.0000       3989.000       4406.000       1775.000       1.000000    
 15    11486350    14.00000       787.0000       12716.00       24.14290      0.1486700       0.8619060E-01     5451.000       1361.000       2412.000       557.0000       3668.000       1.000000    
 16    10291130    6.000000       75.00000       6230.000       15.00000      0.4000000       0.7062600E-01     1104.000       310.0000       525.0000       549.0000       1082.000       1.000000    
 17    11486500    4.000000       31.00000       2973.000       18.50000      0.2903200       0.6189030E-01     50.00000       135.0000       815.0000       91.00000       902.0000       1.000000    
 18     7173050    10.00000       74.00000       18057.00       24.70000      0.4324300       0.6429640E-01     747.0000       139.0000       76.00000       3199.000       1539.000       1.000000    
 19    11485380    8.000000       98.00000       14582.00       25.25000      0.3265300       0.6768620E-01     81.00000       5308.000       478.0000       6014.000       3360.000       1.000000    
 20    10291080    9.000000       113.0000       18597.00       23.55560      0.4601800       0.6302090E-01     6795.000       1778.000       2143.000       2938.000       3450.000       1.000000    
 21     7170440    7.000000       82.00000       18676.00       46.28570      0.3780500       0.6237950E-01     1343.000       578.0000       872.0000       4597.000       2855.000       1.000000    
 22     7178410    9.000000       285.0000       15436.00       28.44440      0.4105300       0.6873540E-01     1354.000       1602.000       1907.000       2317.000       1639.000       1.000000    
 23     8174300    12.00000       149.0000       21330.00       22.00000      0.4899300       0.7749650E-01     2762.000       877.0000       5234.000       1939.000       2006.000       1.000000    
 24    11480420    18.00000       597.0000       21331.00       21.66670      0.3031800       0.7069520E-01     3869.000       5017.000       1255.000       3029.000       3050.000       1.000000    
 25    11485670    14.00000       180.0000       4022.000       32.07140      0.2611100       0.4873200E-01     274.0000       319.0000       3177.000       521.0000       4843.000       1.000000    
 26    11483380    5.000000       2.000000       1186.000       18.40000       3.500000       0.4974700E-01     204.0000       140.0000       1198.000       63.00000       1482.000       1.000000    
 27     7178240    12.00000       556.0000       15131.00       27.91670      0.2284200       0.6542860E-01     3813.000       1616.000       1958.000       2874.000       2632.000       1.000000    
 28    10202630    4.000000       25.00000       3020.000       18.75000      0.5600000       0.6655630E-01     87.00000       59.00000       383.0000       1029.000       351.0000       1.000000    
 29     8294450    8.000000       133.0000       13419.00       21.37500      0.5263200       0.7280720E-01     5480.000             0.       2331.000       2365.000       1627.000       1.000000    
 30    10205950    9.000000       53.00000       18873.00       20.33330      0.6603800       0.6845760E-01     2008.000       859.0000       945.0000       6244.000       1587.000       1.000000    
 31     8290910    6.000000       25.00000       4691.000       20.33330      0.3200000       0.6267320E-01     2467.000             0.       244.0000       189.0000       1189.000       1.000000    
 32    11484180    14.00000       769.0000       12543.00       29.50000      0.7282000E-01   0.6569400E-01     3780.000       1833.000       3677.000       1504.000       3123.000       1.000000    
 33    10200850    11.00000       350.0000       18323.00       23.09090      0.3142900       0.6898430E-01     1932.000       1023.000       782.0000       4659.000       2047.000       1.000000    
 34     7178290    8.000000       77.00000       9276.000       25.00000      0.1039000       0.6489870E-01     705.0000       1155.000       724.0000       1137.000       2618.000       1.000000    
 35    11480560    7.000000       69.00000       15046.00       27.71430      0.7826100       0.6978600E-01     2831.000       1055.000       2192.000       986.0000       2261.000       1.000000    
 36    10204830    3.000000       35.00000       2632.000       29.66670      0.4285700       0.6914890E-01     330.0000       292.0000       359.0000       295.0000       1010.000       1.000000    
 37    10203790    3.000000       77.00000       4484.000       11.00000      0.5194800       0.6712760E-01     630.0000       273.0000       660.0000       543.0000       428.0000       1.000000    
 38    10205180    3.000000       29.00000       1925.000       17.33330      0.5517200       0.6597400E-01     142.0000       203.0000       110.0000       524.0000       226.0000       1.000000    
 39     7172438    7.000000       56.00000       6988.000       18.00000      0.6250000       0.6768750E-01     1013.000       261.0000       863.0000       165.0000       791.0000       1.000000    
 40     9300704    5.000000       106.0000       2340.000       20.00000      0.3584900       0.7521370E-01     768.0000       649.0000       749.0000       38.00000       1258.000       1.000000    
 41     7173725    18.00000       258.0000       22228.00       19.16670      0.5658900       0.7031670E-01     5264.000       2047.000       3533.000       336.0000       2564.000       1.000000    
 42     9300593    18.00000       645.0000       18905.00       23.27780      0.2325600       0.6527370E-01     4887.000       4353.000       3766.000       7221.000       4499.000       1.000000    
 43     7175048    4.000000       273.0000       4761.000       17.50000      0.1208800       0.6889310E-01     1075.000       729.0000       623.0000       310.0000       880.0000       1.000000    
 44    11487489    19.00000       522.0000       18272.00       19.05260      0.2107300       0.7831650E-01     7615.000       3350.000       2224.000       564.0000       3068.000       1.000000    
 45    10080251    12.00000       220.0000       9357.000       17.83330      0.4090900       0.5300840E-01     2061.000       1075.000       2030.000             0.       3463.000       1.000000    
 46    11481586    18.00000       921.0000       15258.00       26.00000      0.1378900       0.6612920E-01     5986.000       1938.000       4406.000             0.       3248.000       1.000000    
 47     9300119    16.00000       753.0000       14075.00       21.50000      0.1394400       0.7467140E-01     1272.000       6701.000       3454.000       320.0000       3655.000       1.000000    
 48    11485638    16.00000       1008.000       13991.00       27.75000      0.1676600       0.8333930E-01     2505.000       4919.000       5245.000       148.0000       1372.000       1.000000    
 49    11480557    22.00000       1830.000       13844.00       28.68180      0.1256800       0.7476160E-01     5396.000       3282.000       3325.000             0.       7141.000       1.000000    
 50     8290181    12.00000       454.0000       14369.00       20.91670      0.1101300       0.6701930E-01     4729.000       2142.000       1032.000       1267.000       1066.000       1.000000    
 51     7170882    13.00000       575.0000       12393.00       19.84620      0.1443500       0.6745740E-01     4920.000       2016.000       5607.000       7.000000       2240.000       1.000000    
 52    11480385    15.00000       740.0000       20530.00       29.80000      0.3108100       0.7272280E-01     9524.000       3755.000       844.0000       154.0000       1735.000       1.000000    
 53    11485823    16.00000       541.0000       8826.000       21.50000      0.2476900       0.5778380E-01     1068.000       5404.000       2663.000       24.00000       2648.000       1.000000    
 54    11482077    17.00000       408.0000       11772.00       25.11760      0.3504900       0.8443760E-01     1635.000       6885.000       3758.000       14.00000       4809.000       1.000000    
 55    10080281    10.00000       554.0000       7287.000       25.70000      0.2906100       0.6271440E-01     2482.000       3872.000       1290.000             0.       3255.000       1.000000    
 56     8294303    10.00000       95.00000       10344.00       18.50000       1.147370       0.6477180E-01     4750.000       603.0000       751.0000       8.000000       435.0000       1.000000    
 57    11483763    16.00000       539.0000       19088.00       31.37500      0.4805200       0.7633070E-01     7345.000       3585.000       4524.000       185.0000       1970.000       1.000000    
 58    11482285    5.000000       288.0000       3915.000       24.60000      0.1458300       0.4904210E-01     434.0000       116.0000       1889.000       72.00000       1024.000       1.000000    
 59    11484478    7.000000       525.0000       5251.000       29.14290      0.1028600       0.5503710E-01     1339.000       311.0000       1021.000       70.00000       234.0000       1.000000    
 60    11486765    5.000000       338.0000       6558.000       9.800000      0.1213000       0.2500760E-01     733.0000       566.0000       343.0000       40.00000       211.0000       1.000000    
 61    10080609    9.000000       474.0000       2624.000       10.22220      0.4008000E-01   0.6478700E-02     1450.000       556.0000       144.0000       1163.000       444.0000       1.000000    
 62    11482579    15.00000       291.0000       8809.000       4.066700      0.1031000E-01   0.2724500E-02     148.0000       1905.000       52.00000             0.       1706.000       1.000000    
 63    11483728    6.000000       335.0000       1705.000       25.66670      0.5373000E-01   0.2932600E-02     663.0000       647.0000       110.0000       296.0000       267.0000       1.000000    
 64     7260580    19.00000       495.0000       19045.00       18.26320      0.2383800       0.6542400E-01     6630.000       1356.000       2289.000       2175.000       1775.000       2.000000    
 65     8050550    11.00000       272.0000       16020.00       35.45450      0.4007400       0.6835210E-01     3388.000       1645.000       642.0000       2755.000       2127.000       2.000000    
 66     6470360    8.000000       174.0000       9603.000       20.50000      0.6897000E-01   0.5966890E-01     423.0000       252.0000       664.0000       916.0000       2497.000       2.000000    
 67     8212820    23.00000       227.0000       20267.00       16.56520      0.4537400       0.7396260E-01     8085.000       2872.000       3508.000       3680.000       4400.000       2.000000    
 68     9461600    4.000000       30.00000       5170.000       20.75000      0.4333300       0.6982590E-01     1241.000       88.00000       98.00000       670.0000       832.0000       2.000000    
 69    10401520    6.000000       107.0000       5088.000       20.00000      0.6355100       0.6191040E-01     474.0000       1537.000       680.0000       1061.000       837.0000       2.000000    
 70     8183500    15.00000       304.0000       14716.00       16.06670      0.2006600       0.7094320E-01     4007.000       1818.000       2607.000       2185.000       1930.000       2.000000    
 71     7192100    7.000000       181.0000       8383.000       21.85710      0.6630000E-01   0.7431710E-01     586.0000       640.0000       200.0000       2317.000       1055.000       2.000000    
 72     6470533    25.00000       453.0000       15286.00       16.08000      0.2516600       0.8079290E-01     3964.000       377.0000       2616.000       36.00000       2587.000       2.000000    
 73    10313760    9.000000       56.00000       10013.00       19.11110      0.5000000       0.6491560E-01     984.0000       831.0000       616.0000       2049.000       2169.000       2.000000    
 74     6130770    25.00000       187.0000       21273.00       18.08000      0.7165800       0.6284960E-01     4110.000       245.0000       2428.000       1478.000       3568.000       2.000000    
 75     4393040    5.000000       31.00000       5631.000       34.80000      0.3548400       0.6109040E-01     1316.000             0.       1330.000       406.0000       1245.000       2.000000    
 76     1330520    16.00000       295.0000       15837.00       15.68750      0.3728800       0.6105950E-01     5440.000       1708.000       2355.000       54.00000       3381.000       2.000000    
 77     3423870    9.000000       147.0000       21901.00       26.66670      0.7551000       0.6684630E-01     5018.000       2442.000       1144.000       308.0000       1987.000       2.000000    
 78     3428136    6.000000       407.0000       11750.00       27.00000      0.1056500       0.6365960E-01     4733.000       101.0000       1355.000       179.0000       1224.000       2.000000    
 79     9273590    10.00000       201.0000       13755.00       31.80000      0.3482600       0.6455830E-01     3972.000       818.0000       1321.000       880.0000       2228.000       2.000000    
 80    10311230    5.000000       21.00000       5398.000       24.00000       1.666670       0.6483880E-01     812.0000       120.0000       833.0000       762.0000       442.0000       2.000000    
 81     6281900    10.00000       328.0000       15785.00       37.30000      0.1951200       0.6259110E-01     3546.000       251.0000       3176.000       946.0000       1888.000       2.000000    
 82     9380890    7.000000       33.00000       9552.000       36.85710      0.3636400       0.6134840E-01     203.0000       396.0000       273.0000       1905.000       1162.000       2.000000    
 83     7260950    10.00000       52.00000       21575.00       21.80000       1.634620       0.6539980E-01     3433.000       1985.000       2477.000       473.0000       2504.000       2.000000    
 84     9380810    10.00000       45.00000       16745.00       26.60000       3.000000       0.6748280E-01     466.0000       514.0000       1037.000       4501.000       2655.000       2.000000    
 85    10400270    8.000000       113.0000       8716.000       30.50000      0.6017700       0.7342820E-01     992.0000       839.0000       843.0000       2767.000       1592.000       2.000000    
 86     7550030    5.000000       174.0000       10908.00       45.80000      0.2298900       0.6343970E-01     4526.000       326.0000       1204.000       435.0000       1250.000       2.000000    
 87     4210820    9.000000       216.0000       8367.000       34.55560      0.2453700       0.6692960E-01     2999.000       1559.000       3417.000       49.00000       2251.000       2.000000    
 88     3425040    15.00000       251.0000       14501.00       23.53330      0.3824700       0.6496100E-01     7655.000       262.0000       4436.000       448.0000       2085.000       2.000000    
 89     7550080    9.000000       443.0000       16684.00       25.00000      0.1309300       0.7126590E-01     5816.000       1193.000       1328.000       1112.000       2553.000       2.000000    
 90     6131795    9.000000       71.00000       11014.00       25.66670      0.4507000       0.5483930E-01     1429.000       130.0000       1408.000       45.00000       2449.000       2.000000    
 91     9271400    7.000000       122.0000       8706.000       24.71430      0.2541000       0.6811390E-01     1228.000       864.0000       501.0000       1554.000       1056.000       2.000000    
 92     9272700    5.000000       134.0000       6368.000       24.80000      0.2388100       0.6250000E-01     1581.000       682.0000       564.0000       1943.000       991.0000       2.000000    
 93     9270150    8.000000       90.00000       6317.000       17.00000      0.3111100       0.6822860E-01     598.0000       582.0000       1399.000       574.0000       634.0000       2.000000    
 94    10313510    4.000000       3.000000       3285.000       32.00000       5.666670       0.6453580E-01     196.0000       123.0000       749.0000       876.0000       1210.000       2.000000    
 95     9270760    11.00000       419.0000       12479.00       38.90910      0.1503600       0.6907600E-01     1565.000       1662.000       546.0000       3833.000       1216.000       2.000000    
 96     7555550    7.000000       95.00000       14269.00       26.14290      0.3894700       0.7947300E-01     3793.000       498.0000       380.0000       1824.000       1830.000       2.000000    
 97     7260260    17.00000       304.0000       19027.00       24.11760      0.2730300       0.6154410E-01     3282.000       1242.000       2218.000       619.0000       3532.000       2.000000    
 98     4428919    12.00000       322.0000       6714.000       13.50000      0.1428600       0.6061960E-01     2340.000       86.00000       1433.000       16.00000       1317.000       2.000000    
 99     6131630    14.00000       225.0000       9888.000       26.78570      0.2844400       0.7858010E-01     4264.000       518.0000       5128.000             0.       3786.000       2.000000    
100    10401020    6.000000       106.0000       4361.000       23.66670      0.3018900       0.7475350E-01     344.0000       726.0000       299.0000       1764.000       2497.000       2.000000    
101    11220140    15.00000       683.0000       14919.00       21.33330      0.1581300       0.8117170E-01     4571.000       1583.000       1638.000       492.0000       2526.000       2.000000    
102     7555530    10.00000       108.0000       12118.00       19.10000      0.5555600       0.6857570E-01     2772.000       585.0000       931.0000       1362.000       1198.000       2.000000    
103     4423672    15.00000       248.0000       17789.00       25.13330      0.5967700       0.5880040E-01     6117.000       397.0000       1389.000       12.00000       4288.000       2.000000    
104     6220820    5.000000       7.000000       4416.000       30.60000       4.142860       0.6567030E-01     1316.000       213.0000       691.0000       359.0000       1034.000       2.000000    
105    10400610    17.00000       193.0000       14507.00       21.29410      0.6217600       0.6693320E-01     4672.000       681.0000       4520.000       2130.000       2167.000       2.000000    
106     7190540    7.000000       33.00000       8717.000       26.42860       2.515150       0.7192840E-01     2227.000       1357.000       232.0000       3151.000       1117.000       2.000000    
107    10311880    6.000000       7.000000       6310.000       35.00000       2.142860       0.5261490E-01     313.0000       339.0000       140.0000       2398.000       2545.000       2.000000    
108     4392030    12.00000       521.0000       14452.00       21.83330      0.1669900       0.6808750E-01     2934.000       430.0000       1520.000       277.0000       1407.000       2.000000    
109    10310810    6.000000       54.00000       5499.000       19.00000      0.3888900       0.8437900E-01     1396.000       430.0000       403.0000       1608.000       899.0000       2.000000    
110     4394010    7.000000       79.00000       13995.00       26.14290      0.7341800       0.6402290E-01     5762.000       625.0000       978.0000             0.       1540.000       2.000000    
111     7193560    11.00000       48.00000       16713.00       25.63640      0.9791700       0.6862920E-01     1237.000       2403.000       1970.000       3193.000       1799.000       2.000000    
112     7550100    8.000000       72.00000       9392.000       33.00000      0.4027800       0.6931430E-01     5145.000       440.0000       309.0000       912.0000       1164.000       2.000000    
113     5540380    12.00000       380.0000       13252.00       23.33330      0.2131600       0.6889530E-01     4059.000       440.0000       2245.000       374.0000       1911.000       2.000000    
114     8212460    20.00000       357.0000       19013.00       17.25000      0.2352900       0.6790090E-01     7366.000       3609.000       2525.000       882.0000       2273.000       2.000000    
115     4395580    6.000000       175.0000       8163.000       19.33330      0.1942900       0.6406960E-01     2275.000       1034.000       1538.000       871.0000       1265.000       2.000000    
116     6132520    11.00000       49.00000       8241.000       24.90910      0.5714300       0.7062250E-01     1527.000       155.0000       2690.000       228.0000       2711.000       2.000000    
117     7183935    24.00000       425.0000       17470.00       24.41670      0.3623500       0.6479680E-01     2760.000       1022.000       1440.000       195.0000       2948.000       2.000000    
118     7196180    7.000000       265.0000       9919.000       29.42860      0.3774000E-01   0.7591490E-01     1253.000       746.0000       469.0000       3383.000       979.0000       2.000000    
119     8212285    14.00000       79.00000       9520.000       21.71430      0.6708900       0.5840340E-01     5562.000       778.0000       1184.000       187.0000       2803.000       2.000000    
120     6132700    6.000000       120.0000       4794.000       16.50000      0.6000000       0.7092200E-01     137.0000       846.0000       860.0000       935.0000       1879.000       2.000000    
121    11221365    16.00000       24.00000       13687.00       19.56250       2.125000       0.7474250E-01     2914.000       3669.000       2758.000       489.0000       3954.000       2.000000    
122    10312825    5.000000       10.00000       9299.000       24.80000       1.900000       0.6688890E-01     611.0000       385.0000       480.0000       2550.000       1479.000       2.000000    
123     6133475    23.00000       659.0000       19798.00       23.73910      0.3277700       0.7167390E-01     4141.000       2500.000       8725.000       818.0000       4204.000       2.000000    
124     6121427    32.00000       374.0000       15229.00       18.15630      0.4090900       0.6481060E-01     5305.000       924.0000       2548.000       5.000000       6202.000       2.000000    
125     8050695    9.000000       119.0000       10246.00       22.55560      0.3445400       0.7446810E-01     3074.000       1429.000       1347.000       2898.000       1146.000       2.000000    
126     8210445    20.00000       542.0000       22096.00       22.15000      0.1881900       0.6865500E-01     6697.000       1442.000       5819.000       1328.000       2405.000       2.000000    
127     5511462    25.00000       791.0000       20392.00       16.00000      0.2060700       0.7385250E-01     6057.000       3199.000       4973.000       1394.000       2911.000       2.000000    
128    10402963    11.00000       75.00000       8857.000       26.54550      0.6266700       0.5983970E-01     2713.000       283.0000       991.0000       130.0000       1733.000       2.000000    
129     6132285    13.00000       179.0000       10681.00       19.15380      0.4357500       0.6160470E-01     2346.000       703.0000       3937.000       632.0000       2846.000       2.000000    
130     7551931    18.00000       460.0000       9678.000       19.66670      0.6695700       0.7377560E-01     1510.000       5263.000       3228.000       1.000000       5056.000       2.000000    
131     5540636    12.00000       166.0000       13155.00       19.66670      0.8072300       0.5959710E-01     2504.000       2166.000       1810.000             0.       3031.000       2.000000    
132     6121444    15.00000       683.0000       4393.000       25.80000      0.3221100       0.6578650E-01     474.0000       2480.000       1405.000       236.0000       4307.000       2.000000    
133    10400738    10.00000       985.0000       9699.000       26.70000      0.1066000       0.6413030E-01     1558.000       552.0000       256.0000       1250.000       1716.000       2.000000    
134    11220133    15.00000       494.0000       14464.00       19.80000      0.2388700       0.7535950E-01     5022.000       414.0000       3646.000       410.0000       2123.000       2.000000    
135     1330737    11.00000       205.0000       13851.00       18.18180      0.6048800       0.5696340E-01     11452.00       1469.000       1730.000             0.       2813.000       2.000000    
136     4395362    8.000000       505.0000       19932.00       25.00000      0.1386100       0.7184430E-01     10040.00       405.0000       270.0000       133.0000       427.0000       2.000000    
137    10402550    7.000000       1511.000       4619.000       28.00000      0.8670000E-01   0.4135090E-01     1102.000       669.0000       661.0000             0.       670.0000       2.000000    
138     6132934    18.00000       1466.000       16852.00       24.55560      0.9345000E-01   0.3637550E-01     8701.000       2012.000       5817.000       32.00000       6375.000       2.000000    
139     7184115    20.00000       452.0000       16008.00       18.25000      0.2389400       0.8177160E-01     11453.00             0.       4643.000             0.       311.0000       2.000000    
140     5511695    8.000000       212.0000       5262.000       18.50000      0.2217000       0.1463320E-01     925.0000       1942.000       701.0000       25.00000       2870.000       2.000000    
141     2363350    10.00000       87.00000       7693.000       21.30000      0.3793100       0.6850380E-01     3967.000       1111.000       1616.000       124.0000       2260.000       3.000000    
142     5450920    11.00000       89.00000       11191.00       25.45450      0.7191000       0.6031630E-01     1441.000       467.0000       2637.000       148.0000       3458.000       3.000000    
143    12060895    20.00000       801.0000       12608.00       26.10000      0.2422000       0.6257930E-01     4965.000       1469.000       3690.000       4.000000       3825.000       3.000000    
144    12410037    15.00000       361.0000       8579.000       17.66670      0.2437700       0.6399350E-01     2054.000       1725.000       1868.000       1010.000       1949.000       3.000000    
145    12530596    24.00000       1402.000       18638.00       21.29170      0.1005700       0.5907290E-01     3841.000       10192.00       2270.000       1301.000       6526.000       3.000000    
146    12060638    14.00000       658.0000       12326.00       37.64290      0.5030400       0.7179940E-01     4170.000       5298.000       2058.000       60.00000       3997.000       3.000000    
147    12150125    9.000000       1086.000       10762.00       21.22220      0.1178600       0.7517190E-01     9459.000             0.       1008.000             0.             0.       3.000000    
148    12060790    17.00000       477.0000       16901.00       34.58820      0.5241100       0.5413880E-01     12549.00       4680.000       908.0000       5.000000       4098.000       3.000000    
149     5451253    14.00000       217.0000       13935.00       21.07140      0.9815700       0.3257980E-01     2977.000       3926.000       2360.000       28.00000       3120.000       3.000000    
150     5240023    15.00000       648.0000       13812.00       24.66670      0.3981500       0.5364900E-01     1229.000       4438.000       6719.000       38.00000       5293.000       3.000000    
151     2091480    12.00000       220.0000       12350.00       33.41670      0.4545500       0.3668020E-01     9120.000       7905.000       1401.000       700.0000       3081.000       3.000000    
152     5240415    10.00000       646.0000       11598.00       16.80000      0.3251000E-01   0.2164170E-01     5571.000       475.0000       1847.000       13.00000       763.0000       3.000000    
153     7171898    43.00000       543.0000       19277.00       23.25580      0.6556200       0.7226230E-01     7348.000       11575.00       3036.000       217.0000       16043.00       1.000000    
154     8174000    30.00000       286.0000       35518.00       16.43330      0.5769200       0.7120330E-01     9436.000       2600.000       3441.000       2503.000       4273.000       1.000000    
155     8294050    26.00000       479.0000       40093.00       21.80770      0.3027100       0.7105980E-01     11708.00       4423.000       1977.000       5176.000       5284.000       1.000000    
156     8291960    19.00000       410.0000       28976.00       15.89470      0.1731700       0.6574410E-01     4241.000       1675.000       1859.000       518.0000       5490.000       1.000000    
157    11480430    34.00000       788.0000       35784.00       21.17650      0.4060900       0.7911360E-01     12553.00       6702.000       2288.000       6047.000       5979.000       1.000000    
158    11483610    19.00000       1162.000       27273.00       22.42110      0.1032700       0.6687930E-01     4350.000       849.0000       6315.000       1246.000       6765.000       1.000000    
159    11485370    26.00000       494.0000       22497.00       20.00000      0.3927100       0.7072050E-01     3767.000       5609.000       7288.000       405.0000       6266.000       1.000000    
160    11485930    30.00000       2814.000       35001.00       31.90000      0.1233100       0.7359790E-01     6613.000       5125.000       3365.000       4017.000       9670.000       1.000000    
161     7175000    16.00000       195.0000       26224.00       23.06250      0.2512800       0.6989780E-01     5508.000       2113.000       1320.000       2644.000       5176.000       1.000000    
162     7176180    31.00000       785.0000       30750.00       20.45160      0.2407600       0.6725200E-01     8254.000       4125.000       2175.000       4049.000       6209.000       1.000000    
163     7177470    21.00000       439.0000       29780.00       18.52380      0.3599100       0.7518470E-01     6826.000       814.0000       2210.000       2596.000       3860.000       1.000000    
164    10204190    13.00000       286.0000       33346.00       26.30770      0.3251700       0.6840400E-01     2331.000       2859.000       1232.000       5493.000       3888.000       1.000000    
165    11487450    26.00000       2045.000       29425.00       31.92310      0.1662600       0.7133390E-01     5836.000       4860.000       3290.000       3290.000       5797.000       1.000000    
166    11487520    20.00000       299.0000       29462.00       23.25000      0.4046800       0.6391280E-01     1266.000       1825.000       2127.000       2584.000       4434.000       1.000000    
167     8290680    17.00000       250.0000       25495.00       30.70590      0.4240000       0.6852320E-01     1953.000       2532.000       1469.000       5205.000       5654.000       1.000000    
168    10295250    30.00000       356.0000       25805.00       24.26670      0.2387600       0.6646000E-01     9330.000       1371.000       5201.000       7039.000       5733.000       1.000000    
169    11482920    19.00000       248.0000       28702.00       29.47370      0.5000000       0.6881050E-01     3977.000       9361.000       3201.000       706.0000       5385.000       1.000000    
170     8171430    26.00000       463.0000       42174.00       24.26920      0.4686800       0.7815240E-01     11209.00       7242.000       4834.000       1935.000       8063.000       1.000000    
171    10204990    14.00000       243.0000       22696.00       24.07140      0.2139900       0.7177480E-01     4952.000       1713.000       2023.000       3611.000       2895.000       1.000000    
172     8173710    19.00000       216.0000       37274.00       26.78950      0.5092600       0.7192680E-01     7452.000       4665.000       2047.000       1933.000       3616.000       1.000000    
173    10080050    33.00000       533.0000       23142.00       23.36360       1.232650       0.6101460E-01     4700.000       13115.00       3241.000       120.0000       15478.00       1.000000    
174    10202400    14.00000       321.0000       28999.00       25.28570      0.2679100       0.7583020E-01     3607.000       7106.000       2073.000       5151.000       4536.000       1.000000    
175    11487095    22.00000       218.0000       24810.00       18.13640      0.5183500       0.7722690E-01     2121.000       3145.000       3720.000       758.0000       2954.000       1.000000    
176    11488315    27.00000       892.0000       21839.00       18.33330      0.1502200       0.6666970E-01     7477.000       6558.000       3937.000       314.0000       3554.000       1.000000    
177    11482550    21.00000       81.00000       22615.00       36.90480      0.4567900       0.6106570E-01     1645.000       1627.000       4863.000       1216.000       4982.000       1.000000    
178    10204225    42.00000       877.0000       41483.00       20.28570      0.3819800       0.5749340E-01     19891.00       6401.000       3987.000       1665.000       8282.000       1.000000    
179    11485829    37.00000       1408.000       29560.00       20.37840      0.1867900       0.7138020E-01     6837.000       13587.00       7465.000       21.00000       9876.000       1.000000    
180    10081424    30.00000       299.0000       19381.00       21.96670       1.033440       0.5799490E-01     9924.000       8422.000       3111.000       26.00000       9449.000       1.000000    
181    11480014    28.00000       1474.000       24088.00       25.14290      0.3521000       0.6550980E-01     4307.000       4161.000       9310.000       247.0000       6811.000       1.000000    
182    11487945    26.00000       2737.000       25298.00       24.76920      0.1603900       0.7605340E-01     10070.00       7739.000       2855.000       22.00000       6030.000       1.000000    
183    11481759    18.00000       1233.000       30325.00       25.27780      0.1281400       0.6954660E-01     13800.00       4554.000       5322.000       379.0000       2825.000       1.000000    
184    11487488    18.00000       1404.000       25026.00       32.27780      0.2920200       0.7632060E-01     9892.000       14178.00       3689.000       11.00000       8143.000       1.000000    
185    11482487    27.00000       2560.000       42862.00       21.18520      0.8594000E-01   0.7003870E-01     7835.000       13088.00       3763.000       2986.000       3463.000       1.000000    
186    11483767    23.00000       579.0000       23302.00       31.34780      0.6148500       0.6874950E-01     2660.000       8489.000       4693.000       140.0000       2668.000       1.000000    
187     6132260    41.00000       929.0000       38945.00       24.68290      0.3982800       0.7361660E-01     17251.00       4406.000       7460.000       558.0000       8681.000       2.000000    
188     7182470    41.00000       693.0000       45956.00       24.48780      0.4184700       0.7243890E-01     20302.00       5767.000       5074.000       6742.000       5250.000       2.000000    
189     5541140    22.00000       484.0000       41601.00       24.40910      0.3863600       0.7458960E-01     8084.000       1847.000       7244.000       827.0000       6060.000       2.000000    
190     6012160    20.00000       612.0000       23178.00       23.50000      0.1732000       0.6083350E-01     723.0000       2465.000       2954.000       1250.000       4233.000       2.000000    
191     9270960    14.00000       884.0000       25164.00       24.71430      0.1029400       0.6497380E-01     5004.000       2862.000       3330.000       3821.000       6195.000       2.000000    
192     8051500    17.00000       494.0000       26326.00       23.52940      0.1174100       0.6598040E-01     11348.00       1578.000       4998.000       1613.000       3898.000       2.000000    
193     7263970    38.00000       554.0000       30557.00       18.78950      0.6028900       0.5772820E-01     14737.00       1545.000       2472.000       2344.000       8597.000       2.000000    
194     9380280    36.00000       1762.000       43429.00       22.75000      0.1816100       0.6546320E-01     8429.000       4720.000       4993.000       6640.000       5169.000       2.000000    
195    10401610    23.00000       1020.000       37407.00       22.60870      0.2088200       0.7001360E-01     8543.000       6103.000       2963.000       8788.000       4965.000       2.000000    
196    10402450    31.00000       1175.000       39898.00       22.48390      0.2085100       0.6962760E-01     9601.000       1925.000       3236.000       5329.000       3859.000       2.000000    
197     9274510    20.00000       266.0000       32861.00       26.00000      0.5263200       0.6576180E-01     14181.00       6105.000       4545.000       1723.000       6395.000       2.000000    
198     7555270    25.00000       732.0000       34976.00       28.20000      0.1953600       0.6655990E-01     12383.00       4934.000       4802.000       7066.000       5596.000       2.000000    
199     6120490    24.00000       241.0000       18385.00       18.37500      0.4232400       0.5890670E-01     8943.000       110.0000       3421.000       1511.000       7755.000       2.000000    
200     8470690    21.00000       324.0000       24719.00       21.85710      0.3055600       0.6424210E-01     5903.000       1332.000       2500.000       1333.000       3216.000       2.000000    
201     4396650    30.00000       352.0000       36737.00       18.93330      0.3380700       0.6622750E-01     5917.000       3317.000       7079.000       1221.000       7430.000       2.000000    
202     3424752    20.00000       557.0000       31096.00       18.75000      0.2513500       0.7065220E-01     12549.00       1341.000       4136.000       2485.000       3286.000       2.000000    
203     7194060    11.00000       109.0000       23927.00       35.27270      0.6789000       0.6206380E-01     1066.000       225.0000       402.0000       4594.000       3362.000       2.000000    
204     9381240    22.00000       328.0000       38375.00       20.45450      0.1493900       0.6819540E-01     2291.000       2091.000       1502.000       4980.000       4742.000       2.000000    
205     5541223    15.00000       30.00000       23847.00       19.73330       1.066670       0.5568830E-01     970.0000       92.00000       581.0000       5.000000       4835.000       2.000000    
206     7555410    21.00000       455.0000       34914.00       38.61900      0.1142900       0.7123220E-01     14882.00       1644.000       1613.000       5368.000       3674.000       2.000000    
207     4213850    32.00000       563.0000       43121.00       19.34380      0.2468900       0.6985000E-01     17041.00       1585.000       1444.000       1985.000       3786.000       2.000000    
208     7260530    34.00000       422.0000       43265.00       20.11760      0.4099500       0.6897030E-01     12510.00       2233.000       5973.000       9527.000       4592.000       2.000000    
209     5541360    30.00000       1037.000       42371.00       17.30000      0.1205400       0.6509170E-01     21402.00       3098.000       5123.000       1399.000       4987.000       2.000000    
210     8050240    16.00000       247.0000       24701.00       46.43750      0.4251000       0.6250760E-01     9068.000       1397.000       3326.000       756.0000       4017.000       2.000000    
211     7192060    14.00000       336.0000       24735.00       28.14290      0.3601200       0.7301390E-01     4748.000       979.0000       2186.000       8155.000       3066.000       2.000000    
212    10310210    18.00000       133.0000       31377.00       22.38890      0.6090200       0.6603560E-01     3167.000       1044.000       1173.000       2223.000       3415.000       2.000000    
213     6281580    23.00000       208.0000       23667.00       33.47830      0.5913500       0.7128070E-01     11021.00       1389.000       7653.000       1679.000       4451.000       2.000000    
214     7552180    28.00000       340.0000       31802.00       23.67860      0.3705900       0.6886360E-01     6446.000       5550.000       4281.000       6464.000       4291.000       2.000000    
215     6221120    43.00000       1946.000       38561.00       25.51160      0.3150100       0.7339020E-01     8057.000       8368.000       3557.000       3178.000       8199.000       2.000000    
216     7184900    28.00000       222.0000       31138.00       16.17860      0.2477500       0.5610510E-01     3830.000       3400.000       1768.000       3483.000       3625.000       2.000000    
217     7180460    13.00000       242.0000       40284.00       28.00000      0.3347100       0.6886110E-01     8477.000       979.0000       3175.000       4190.000       3202.000       2.000000    
218     7555150    35.00000       1301.000       43224.00       20.62860      0.1860100       0.7255230E-01     14663.00       3831.000       3510.000       9251.000       5560.000       2.000000    
219     9552440    22.00000       679.0000       37983.00       22.68180      0.2768800       0.7442800E-01     16062.00       2338.000       3376.000       613.0000       8798.000       2.000000    
220     7550820    14.00000       206.0000       23532.00       28.14290      0.3349500       0.7241200E-01     5954.000       1703.000       2061.000       4935.000       2274.000       2.000000    
221     8050050    27.00000       589.0000       28292.00       17.07410      0.2359900       0.6447050E-01     13953.00       1782.000       3767.000       171.0000       4640.000       2.000000    
222     9263220    17.00000       238.0000       26628.00       22.88240      0.4369700       0.6478140E-01     11307.00       3212.000       2002.000       551.0000       4164.000       2.000000    
223     7191460    12.00000       240.0000       22992.00       24.83330      0.2875000       0.7319940E-01     4437.000       2135.000       2336.000       2509.000       2446.000       2.000000    
224     8050090    14.00000       276.0000       26212.00       22.57140      0.2101400       0.6748820E-01     4307.000       3319.000       2583.000       4028.000       4070.000       2.000000    
225     7195640    22.00000       958.0000       31487.00       21.81820      0.1941500       0.6828210E-01     7155.000       2644.000       2592.000       6297.000       2758.000       2.000000    
226     8183460    22.00000       590.0000       30093.00       14.31820      0.1084700       0.7147840E-01     10978.00       2172.000       4034.000       2490.000       2546.000       2.000000    
227     5540080    23.00000       412.0000       23049.00       13.30430      0.3665000       0.6928720E-01     9678.000       929.0000       2062.000       9.000000       2918.000       2.000000    
228     6130543    31.00000       429.0000       21776.00       17.51610      0.2867100       0.6594420E-01     2675.000       4258.000       10340.00       1467.000       4843.000       2.000000    
229    10312390    21.00000       198.0000       23217.00       22.00000      0.3282800       0.6822590E-01     7245.000       414.0000       1537.000       4781.000       2439.000       2.000000    
230     7262150    23.00000       496.0000       34892.00       29.47830      0.2338700       0.6199130E-01     6775.000       953.0000       2146.000       1270.000       2969.000       2.000000    
231     6120275    39.00000       2251.000       31898.00       20.74360      0.1492700       0.6614830E-01     13952.00       2242.000       3720.000       3866.000       10110.00       2.000000    
232     6133365    54.00000       1685.000       40451.00       17.70370      0.2160200       0.6667330E-01     13972.00       8519.000       6433.000       4747.000       6427.000       2.000000    
233     6133067    24.00000       476.0000       30803.00       19.87500      0.2205900       0.6505860E-01     9301.000       2480.000       10421.00       1859.000       6468.000       2.000000    
234     4211400    34.00000       380.0000       25081.00       15.55880      0.3131600       0.7288390E-01     7676.000       145.0000       9694.000       331.0000       2717.000       2.000000    
235     5512561    50.00000       693.0000       40758.00       16.48000      0.4675300       0.7161780E-01     18494.00       2159.000       16823.00             0.       7182.000       2.000000    
236     5512085    27.00000       893.0000       22272.00       16.33330      0.2586800       0.6977370E-01     5435.000       2463.000       3632.000       700.0000       3694.000       2.000000    
237    10312943    27.00000       962.0000       25475.00       23.96300      0.2370100       0.7112860E-01     4897.000       3425.000       6143.000       3580.000       5665.000       2.000000    
238     2720111    53.00000       514.0000       23950.00       18.43400      0.8521400       0.7248430E-01     12113.00       8568.000       5576.000       968.0000       9788.000       2.000000    
239     6121059    18.00000       757.0000       29350.00       25.55560      0.5006600       0.6357750E-01     16454.00       4852.000       3010.000       2151.000       9756.000       2.000000    
240    10402108    21.00000       557.0000       24404.00       17.61900      0.1561900       0.7597120E-01     10995.00       1047.000       7511.000       3789.000       1697.000       2.000000    
241     2720057    35.00000       637.0000       34345.00       15.34290      0.4536900       0.3840440E-01     3555.000       14529.00       8442.000             0.       4497.000       2.000000    
242     6120122    14.00000       477.0000       21383.00       26.64290      0.1656200       0.1585370E-01     7678.000       2156.000       2823.000       339.0000       5029.000       2.000000    
243     5241240    48.00000       617.0000       33337.00       22.10420      0.3857400       0.7124220E-01     17704.00       3578.000       6105.000       280.0000       9973.000       3.000000    
244     2360310    55.00000       657.0000       40249.00       19.38180      0.3881300       0.6492090E-01     13516.00       5210.000       6437.000       415.0000       7183.000       3.000000    
245     2362180    25.00000       308.0000       37651.00       27.48000      0.5941600       0.6204350E-01     9998.000       2853.000       11275.00       1272.000       6506.000       3.000000    
246     2362590    21.00000       574.0000       24099.00       26.52380      0.3013900       0.5406860E-01     6992.000       2570.000       2974.000       725.0000       12496.00       3.000000    
247     5241360    28.00000       814.0000       25337.00       26.46430      0.2297300       0.6220150E-01     14238.00       2603.000       4272.000       1178.000       5428.000       3.000000    
248     5450720    36.00000       856.0000       33313.00       18.91670      0.2429900       0.6522980E-01     7283.000       2322.000       7944.000       145.0000       6255.000       3.000000    
249     5450990    28.00000       759.0000       26564.00       18.64290      0.2661400       0.6934200E-01     6182.000       5287.000       4060.000       902.0000       4716.000       3.000000    
250    12530510    29.00000       575.0000       27831.00       20.79310      0.4087000       0.5788510E-01     13319.00       4144.000       980.0000       455.0000       5018.000       3.000000    
251    12410210    23.00000       827.0000       18007.00       25.04350      0.2104000       0.5270170E-01     2569.000       8723.000       5024.000       1660.000       10081.00       3.000000    
252     5370063    32.00000       1397.000       30059.00       20.40630      0.2433800       0.6394090E-01     8855.000       8722.000       3522.000       1004.000       6659.000       3.000000    
253    12060150    29.00000       477.0000       24187.00       24.24140      0.6016800       0.5602180E-01     7367.000       6340.000       8685.000       21.00000       8748.000       3.000000    
254    12040065    22.00000       313.0000       22168.00       27.22730       1.015970       0.7398050E-01     8320.000       8090.000       5622.000       127.0000       8332.000       3.000000    
255     5371423    26.00000       1426.000       36266.00       14.84620      0.6592000E-01   0.5914630E-01     15213.00       5051.000       8497.000       60.00000       3587.000       3.000000    
256     2365140    22.00000       730.0000       32323.00       30.81820      0.4931500       0.6178260E-01     16188.00       12708.00       389.0000       155.0000       8721.000       3.000000    
257    10202950    55.00000       2271.000       72728.00       23.56360      0.1655700       0.7232430E-01     22399.00       33583.00       5390.000       5253.000       14699.00       1.000000    
258    11480490    45.00000       1780.000       52336.00       20.86670      0.1719100       0.7180530E-01     24008.00       911.0000       12617.00       2977.000       9049.000       1.000000    
259    10290030    26.00000       430.0000       54984.00       22.73080      0.3720900       0.7524010E-01     11384.00       6479.000       5901.000       19977.00       5592.000       1.000000    
260     7172260    33.00000       290.0000       42096.00       40.18180      0.4241400       0.6810620E-01     4265.000       4727.000       3125.000       2772.000       10742.00       1.000000    
261    10560450    21.00000       142.0000       51376.00       34.52380      0.9154900       0.6133210E-01     12212.00       2142.000       1116.000       1411.000       6044.000       1.000000    
262     8177350    36.00000       697.0000       55049.00       16.33330      0.2238200       0.7031920E-01     14436.00       5441.000       8559.000       4558.000       6212.000       1.000000    
263    11486077    44.00000       1141.000       52935.00       22.90910      0.3163900       0.6749790E-01     12884.00       9881.000       10796.00       445.0000       12601.00       1.000000    
264    11480593    38.00000       2213.000       42206.00       32.78950      0.2327200       0.6534620E-01     11876.00       6291.000       3794.000       723.0000       13944.00       1.000000    
265    11488215    45.00000       2145.000       53663.00       26.93330      0.1972000       0.8012970E-01     11793.00       6051.000       6419.000       825.0000       5510.000       1.000000    
266    10204575    38.00000       2185.000       45312.00       16.23680      0.9016000E-01   0.6340480E-01     7024.000       6460.000       4547.000       3291.000       10444.00       1.000000    
267    11481993    22.00000       1313.000       48292.00       39.72730      0.3648100       0.5644830E-01     20755.00       14499.00       8922.000             0.       9888.000       1.000000    
268     7191060    25.00000       191.0000       69132.00       27.00000      0.6649200       0.6368980E-01     3766.000       2229.000       1616.000       10916.00       10884.00       2.000000    
269     4211430    29.00000       433.0000       49846.00       23.31030      0.7136300       0.6038600E-01     12282.00       1635.000       875.0000       3029.000       12028.00       2.000000    
270     8050720    26.00000       573.0000       51080.00       28.57690      0.3856900       0.6940090E-01     12618.00       5098.000       3087.000       5698.000       8030.000       2.000000    
271    10402830    30.00000       1101.000       47161.00       23.03330      0.1580400       0.6282730E-01     8114.000       3933.000       2820.000       4322.000       6846.000       2.000000    
272     6220300    40.00000       1276.000       55470.00       22.05000      0.3479600       0.7047050E-01     17068.00       4745.000       4612.000       9499.000       10511.00       2.000000    
273     6220970    68.00000       2515.000       66905.00       18.27940      0.3109300       0.7293920E-01     19184.00       14137.00       5428.000       1766.000       12766.00       2.000000    
274     8281480    38.00000       603.0000       57233.00       22.65790      0.1874000       0.6443830E-01     18067.00       3546.000       12012.00       6015.000       10271.00       2.000000    
275     9261890    60.00000       1329.000       49777.00       21.46670      0.2249800       0.6651670E-01     22791.00       4728.000       8178.000       1022.000       10322.00       2.000000    
276    10402970    36.00000       1185.000       42683.00       18.11110      0.2143500       0.6555300E-01     10004.00       2360.000       2683.000       495.0000       8200.000       2.000000    
277     4426925    92.00000       1313.000       69736.00       16.93480      0.2307700       0.6187620E-01     31867.00       1591.000       15900.00       487.0000       21554.00       2.000000    
278     4391150    33.00000       887.0000       45998.00       20.06060      0.2085700       0.6791600E-01     19529.00       993.0000       2806.000       328.0000       5561.000       2.000000    
279     4396130    42.00000       733.0000       73764.00       20.47620      0.1759900       0.7423680E-01     32382.00       4224.000       6157.000       4022.000       8905.000       2.000000    
280     4396380    54.00000       1502.000       64061.00       18.70370      0.2296900       0.6879380E-01     13861.00       2360.000       14273.00       3229.000       7432.000       2.000000    
281     3424473    49.00000       1025.000       56055.00       21.18370      0.2565900       0.6966370E-01     20567.00       4767.000       5971.000       1248.000       8694.000       2.000000    
282     6280760    49.00000       1533.000       45952.00       21.53060      0.2263500       0.7046480E-01     15182.00       4746.000       9368.000       1688.000       7565.000       2.000000    
283     5540270    73.00000       1319.000       66670.00       16.71230      0.2896100       0.6637170E-01     25014.00       701.0000       14906.00       2038.000       10070.00       2.000000    
284     8180440    28.00000       420.0000       53796.00       22.67860      0.2666700       0.6658490E-01     17949.00       1034.000       2373.000       376.0000       6803.000       2.000000    
285     4211490    37.00000       1848.000       54892.00       24.72970      0.1601700       0.6272320E-01     17950.00       17269.00       9835.000       144.0000       19088.00       2.000000    
286     8051210    18.00000       531.0000       42685.00       36.55560      0.2787200       0.7002460E-01     13917.00       2198.000       3207.000       3982.000       8157.000       2.000000    
287     7192910    27.00000       508.0000       45952.00       23.11110      0.4252000       0.6606890E-01     3781.000       2557.000       3212.000       3257.000       5368.000       2.000000    
288     7261855    65.00000       1338.000       55747.00       19.73850      0.3273500       0.6267600E-01     20234.00       8772.000       8297.000       3347.000       6870.000       2.000000    
289     6220895    52.00000       2091.000       50517.00       20.42310      0.2309900       0.7448980E-01     15107.00       13270.00       4801.000       5.000000       9563.000       2.000000    
290     6220071    61.00000       558.0000       52152.00       20.73770       1.017920       0.7798360E-01     11299.00       1900.000       5499.000       304.0000       12246.00       2.000000    
291     6120386    64.00000       1134.000       63390.00       18.12500      0.3148100       0.6352740E-01     26793.00       6588.000       10998.00       119.0000       10981.00       2.000000    
292     1090450    22.00000       690.0000       46261.00       34.22730      0.9710000E-01   0.6450360E-01     31822.00       2922.000       4768.000             0.       6979.000       3.000000    
293     2360170    30.00000       236.0000       54287.00       19.53330      0.8178000       0.6515370E-01     14208.00       2405.000       7279.000       272.0000       5464.000       3.000000    
294     2365165    112.0000       2051.000       75866.00       29.09820      0.4061400       0.5425360E-01     13958.00       24487.00       3982.000       2330.000       21462.00       3.000000    
295     3341625    78.00000       1093.000       75806.00       19.66670      0.6065900       0.6748810E-01     58307.00       4789.000       4130.000       541.0000       23163.00       3.000000    
296     5110060    42.00000       1033.000       48238.00       31.09520      0.3833500       0.6045030E-01     19927.00       22268.00       3076.000       1490.000       21322.00       3.000000    
297    12060776    63.00000       1951.000       43434.00       25.00000      0.2383400       0.5882490E-01     23273.00       7379.000       6196.000       4533.000       14726.00       3.000000    
298    12061839    35.00000       1398.000       35849.00       32.54290      0.2475000       0.5174480E-01     9444.000       9176.000       20519.00       1055.000       14231.00       3.000000    
299    12060839    29.00000       506.0000       48686.00       26.86210      0.6798400       0.3290470E-01     6979.000       35018.00       2488.000       3.000000       6727.000       3.000000    
300    11487770    128.0000       2656.000       134903.0       25.33590      0.2262800       0.7252620E-01     62777.00       15886.00       19151.00       4624.000       20875.00       1.000000    
301    11485635    72.00000       2035.000       117164.0       25.48610      0.2049100       0.7300880E-01     42425.00       15409.00       27078.00       5524.000       13562.00       1.000000    
302     6121200    136.0000       1317.000       124435.0       20.75740      0.4403900       0.6976330E-01     37116.00       17257.00       14422.00       918.0000       40822.00       2.000000    
303     6470460    112.0000       6067.000       105281.0       20.46430      0.1114200       0.6670720E-01     41954.00       9012.000       21703.00       10324.00       21037.00       2.000000    
304     1251830    82.00000       2579.000       102099.0       27.53660      0.2838300       0.7259620E-01     40825.00       28985.00       29554.00       145.0000       21152.00       2.000000    
305     3423375    79.00000       635.0000       87739.00       18.46840      0.9464600       0.6689160E-01     45379.00       1353.000       12730.00       3072.000       16556.00       2.000000    
306     5510580    95.00000       2143.000       151541.0       20.16840      0.1894500       0.7116230E-01     57301.00       15740.00       36326.00       6642.000       12073.00       2.000000    
307     3421962    39.00000       1746.000       102918.0       22.76920      0.2067600       0.6710200E-01     18918.00       7003.000       14737.00       2434.000       8893.000       2.000000    
308     7555210    137.0000       3445.000       135529.0       26.10950      0.2975300       0.6372070E-01     83816.00       24837.00       17034.00       3072.000       36216.00       2.000000    
309     1251525    81.00000       2650.000       146244.0       26.01230      0.2188700       0.4806350E-01     75828.00       9406.000       22022.00       9257.000       38322.00       2.000000    
310     5510181    125.0000       2691.000       141139.0       18.87200      0.1973200       0.6721740E-01     47386.00       25161.00       28452.00       5025.000       27528.00       2.000000    
311     2720022    180.0000       2004.000       145940.0       15.53330      0.6866300       0.6987800E-01     15983.00       68124.00       28134.00       1715.000       22971.00       2.000000    
312     5512927    134.0000       4580.000       75050.00       17.55970      0.1711800       0.5357760E-01     33633.00       34272.00       24326.00       6739.000       40905.00       2.000000    
313     5371830    88.00000       552.0000       90226.00       21.13640       1.114130       0.6631130E-01     7995.000       10533.00       21331.00       1983.000       26508.00       3.000000    
314     5240650    63.00000       2810.000       119474.0       26.84130      0.1612100       0.5953600E-01     51389.00       5954.000       9115.000       752.0000       19804.00       3.000000    
315     2341130    74.00000       3222.000       82354.00       18.78380      0.1561100       0.5441140E-01     24305.00       12415.00       7232.000       24.00000       26881.00       3.000000    
316     2364961    225.0000       15816.00       123181.0       25.13780      0.2545500       0.7250310E-01     3588.000       37434.00       12144.00       17517.00       70737.00       3.000000    
317    12061050    67.00000       8504.000       150761.0       40.13430      0.6644000E-01   0.3833880E-01     34327.00       19173.00       14045.00       23299.00       26341.00       3.000000    
318    12061780    221.0000       7542.000       247291.0       26.63800      0.2378700       0.6142560E-01     109278.0       61015.00       23645.00       20020.00       61368.00       3.000000    
319    12150090    240.0000       5419.000       174690.0       21.78750      0.4412300       0.6272830E-01     60056.00       45787.00       40304.00       226.0000       67094.00       3.000000    
320     1251670    296.0000       6135.000       358661.0       25.90200      0.3975600       0.5481220E-01     146204.0       130459.0       20706.00       41551.00       102139.0       2.000000    
321     6472092    455.0000       14443.00       452486.0       25.37580      0.2064700       0.6266930E-01     154801.0       209909.0       42451.00       59409.00       146561.0       2.000000    
322     3100360    816.0000       16679.00       830432.0       30.27210      0.3702300       0.6385590E-01     151899.0       136852.0       283888.0       63536.00       216784.0       3.000000    
